area
805
897
889
835
909
952
864
823
859
891
832
831
904
847
797
844
877
892
906
913
902
915
859
859
963
854
900
885
943
898
887
860
925
916
880
882
888
926
820
833
873
871
832
895
862
872
858
865
908
802
868
850
870
896
866
866
857
908
857
868
853
805
852
876
822
927
877
888
891
873
888
876
862
858
866
868
892
890
911
869
889
871
877
900
811
858
856
830
896
822
866
831
846
866
856
872
857
822
831
799
801
871
824
885
896
798
823
904
816
816
851
937
829
858
824
817
857
868
779
793
836
845
806
811
837
808
830
808
763
833
835
809
836
849
757
807
818
820
812
818
785
770
824
828
850
795
789
851
876
800
783
819
788
747
833
814
823
829
859
818
808
795
845
805
811
847
871
820
744
842
817
874
830
798
765
809
764
830
817
796
780
812
820
838
819
848
856
821
860
806
839
791
787
823
810
837
858
809
780
864
782
780
907
779
839
751
806
784
776
836
796
799
781
796
769
819
811
829
775
822
810
771
776
826
822
793
818
760
818
796
802
797
804
811
854
805
809
864
822
776
870
818
813
812
771
790
873
787
856
758
776
814
808
801
807
831
798
755
752
729
785
750
813
743
763
731
779
788
767
767
778
800
873
829
830
763
833
803
807
762
808
755
792
799
803
811
757
841
805
810
810
781
767
790
772
747
797
789
775
796
820
825
778
850
779
837
839
828
796
797
779
823
852
781
811
848
745
787
836
793
815
832
791
754
770
801
846
793
869
812
839
800
820
817
862
821
851
857
787
857
768
896
797
805
822
760
778
766
728
729
716
758
775
763
749
792
824
754
833
786
819
804
770
769
730
763
794
717
796
735
843
777
757
832
822
850
809
766
792
856
777
783
834
790
855
820
866
829
831
873
865
805
817
836
845
832
805
854
813
824
768
803
869
803
843
810
864
829
821
877
818
785
881
840
833
842
840
827
841
894
769
808
782
807
811
809
838
815
831
864
778
841
828
776
790
856
782
797
848
782
767
840
813
793
806
810
806
733
824
814
792
796
850
794
790
820
795
792
769
771
821
786
835
750
789
789
790
862
757
784
847
743
808
854
822
769
786
778
771
827
790
818
841
861
806
838
812
809
794
784
846
773
851
796
784
835
827
814
782
825
789
739
778
769
803
810
768
827
778
769
769
811
803
846
776
799
825
782
854
814
827
810
816
791
780
826
764
797
865
833
801
816
762
830
862
817
836
756
922
833
759
813
827
853
841
791
780
813
786
829
755
849
822
792
824
799
791
781
776
869
833
845
761
805
823
791
799
796
818
772
789
764
760
819
840
800
778
721
779
748
759
823
772
774
760
789
776
756
744
713
776
808
738
702
768
771
719
711
795
798
774
790
763
775
783
805
811
746
795
824
822
804
827
821
869
864
811
812
868
841
894
877
880
870
932
915
882
902
982
975
939
905
871
969
898
969
918
946
1033
1048
1020
956
971
948
919
927
998
995
983
948
919
977
946
900
898
926
894
968
867
941
927
949
918
866
864
897
860
827
898
887
832
856
824
877
803
834
787
843
799
806
820
800
804
789
882
851
809
802
732
781
823
858
775
788
762
767
780
749
738
797
798
856
780
797
773
816
815
737
750
754
785
750
787
838
722
752
734
719
725
748
717
737
825
743
732
797
841
757
772
722
806
707
778
747
795
776
778
784
802
734
781
751
802
753
767
789
760
740
708
746
774
731
772
795
768
746
815
827
891
810
788
801
768
772
784
785
734
758
783
748
773
766
835
759
737
782
770
785
710
752
763
747
793
767
817
758
813
784
754
778
771
768
785
842
778
814
764
761
824
762
769
765
793
929
781
790
834
832
835
817
798
799
818
816
831
813
873
791
769
783
812
848
840
793
849
806
814
844
791
841
782
831
836
817
799
803
785
728
765
768
794
814
750
815
856
806
850
813
893
788
767
815
770
787
765
806
820
781
781
778
798
796
826
820
878
812
831
812
821
806
790
813
727
813
824
828
807
808
860
834
866
803
827
913
808
835
786
801
909
869
880
836
859
810
850
844
783
843
760
820
865
783
808
861
878
793
792
858
862
793
870
802
813
813
811
834
852
807
862
867
843
815
829
860
912
849
885
894
836
870
889
842
887
876
885
861
893
875
866
803
904
855
848
878
861
871
798
876
838
829
870
865
886
848
845
810
886
856
834
806
851
853
853
830
860
849
827
865
886
882
907
851
912
827
872
847
855
856
832
872
791
852
804
836
847
743
794
809
787
868
798
810
814
824
781
894
845
847
811
803
807
764
787
736
802
816
760
837
781
784
862
824
784
814
852
815
861
823
778
779
835
832
776
765
778
799
826
813
828
721
786
782
803
817
779
786
767
776
816
827
839
803
785
839
858
843
830
841
837
798
811
846
879
813
806
816
804
812
813
802
811
789
843
788
853
822
751
836
830
786
783
797
869
874
758
815
882
796
776
841
841
776
796
784
825
842
900
813
888
810
839
822
845
809
882
810
809
852
821
833
865
840
852
835
854
852
848
875
850
892
874
844
858
834
839
883
813
861
825
825
850
813
814
811
833
763
803
811
789
810
816
737
864
830
909
808
794
740
795
810
777
766
783
806
817
763
800
813
789
837
792
853
779
784
806
831
813
787
808
726
774
761
794
785
809
811
755
750
775
815
787
818
814
739
739
819
797
760
784
748
761
765
840
780
782
802
768
762
771
829
807
793
797
751
735
746
805
800
747
832
791
785
738
770
775
780
764
794
767
771
806
742
780
743
776
765
820
857
729
807
794
834
820
815
813
812
835
813
821
814
782
783
856
782
825
730
754
766
817
832
778
788
759
800
770
731
772
782
789
826
812
770
768
741
725
801
748
748
731
737
766
768
773
802
726
780
783
768
843
778
768
789
750
788
810
743
853
868
755
811
714
753
789
841
875
809
836
822
800
818
852
843
828
830
833
801
814
811
785
810
809
767
839
778
856
808
771
808
813
779
786
763
796
751
772
802
779
821
805
780
783
779
819
820
859
809
773
824
785
788
753
822
865
781
832
851
812
798
839
852
882
881
845
863
820
878
896
849
882
783
795
896
878
842
813
790
829
827
783
853
793
775
837
876
825
859
806
837
836
756
809
769
808
796
760
749
745
793
748
814
800
757
753
769
803
762
809
777
756
821
769
805
781
860
801
829
793
780
746
815
790
787
770
781
768
827
791
786
867
778
764
771
745
773
696
796
760
747
743
787
766
753
732
751
783
761
742
807
774
773
733
745
798
752
798
758
744
746
790
769
821
796
800
805
818
786
751
744
760
743
750
786
793
794
786
744
787
792
811
756
740
757
796
767
769
748
842
789
809
827
744
862
794
796
802
857
814
763
818
855
809
804
803
867
784
795
809
777
785
813
855
801
909
824
796
843
836
825
839
800
806
829
781
849
824
841
856
740
788
829
835
825
842
787
760
798
834
816
784
830
741
802
829
811
767
775
800
808
827
795
813
803
787
805
770
801
817
902
817
900
866
844
881
837
901
894
909
860
846
852
892
828
810
869
815
852
831
780
780
795
825
828
848
846
782
811
764
769
829
829
728
841
770
787
808
794
795
715
761
807
778
757
769
741
803
808
835
777
775
770
749
773
823
712
818
779
783
797
766
763
738
760
778
761
752
809
744
802
808
802
776
752
773
789
804
799
785
829
767
762
854
779
821
798
786
780
825
789
809
827
868
741
774
796
763
779
777
804
766
792
784
805
858
781
803
802
807
796
859
857
837
863
873
828
901
854
841
871
874
880
884
833
776
850
833
863
865
847
816
851
846
828
870
842
809
850
800
840
831
812
802
797
796
811
785
821
781
809
883
836
820
865
868
827
881
846
824
822
818
839
987
862
871
814
874
870
922
910
874
865
905
939
865
877
936
893
907
865
868
897
865
915
872
833
944
900
907
871
857
881
918
898
880
852
889
818
915
887
946
863
881
879
858
868
895
852
819
848
824
833
774
848
799
777
832
813
852
795
777
851
814
850
781
779
781
813
801
781
773
777
805
818
817
796
778
783
856
761
837
834
820
756
823
779
789
761
807
792
795
778
810
840
798
789
765
771
812
833
802
766
786
816
728
747
742
823
742
779
796
795
781
799
828
743
824
778
782
759
785
812
751
795
834
809
757
801
787
827
788
810
805
836
792
847
789
792
804
811
832
823
713
832
832
786
822
784
791
795
836
854
800
845
837
842
840
798
816
831
816
783
804
865
844
806
827
840
812
789
863
782
774
910
816
795
795
814
848
771
844
804
826
802
805
784
864
793
867
807
835
785
842
768
802
816
825
832
818
830
824
810
768
815
840
862
872
803
850
806
804
822
783
837
761
795
770
840
835
819
816
834
789
821
824
763
819
840
914
814
806
796
776
823
823
873
836
857
864
824
796
801
799
849
778
856
811
835
814
769
767
826
786
779
759
803
848
795
756
769
831
797
763
807
831
831
787
792
792
767
801
794
812
811
757
783
754
745
753
781
763
786
761
840
819
804
783
771
794
786
831
790
747
745
797
773
779
779
831
815
782
821
778
807
814
729
806
796
810
798
857
754
822
764
787
831
822
796
812
757
755
808
849
809
758
802
806
771
794
768
754
748
838
812
786
775
747
776
752
739
756
776
756
789
760
758
747
802
799
792
801
748
805
783
735
779
766
770
833
814
778
805
839
804
773
774
813
790
801
769
819
821
778
815
792
755
793
818
769
739
811
728
776
796
765
771
763
751
754
786
835
796
733
750
765
720
817
763
806
782
742
756
814
757
780
795
836
764
772
829
739
809
760
767
850
768
812
855
818
798
793
808
810
833
875
812
834
893
830
793
799
854
788
792
760
860
817
840
803
768
803
817
799
835
803
812
808
788
794
772
775
754
721
797
777
801
759
805
770
778
801
827
801
759
770
775
778
828
790
745
821
787
802
721
764
834
791
754
810
753
766
737
780
763
769
758
747
722
811
791
770
738
794
755
777
798
797
803
835
797
808
809
791
760
803
779
788
814
822
786
769
821
764
765
803
796
829
777
759
777
796
819
807
748
848
812
786
741
743
788
760
813
761
812
809
794
761
735
719
840
758
827
812
798
799
820
869
822
771
842
796
850
762
818
760
726
777
791
806
783
818
813
806
879
825
805
751
830
800
787
801
795
726
821
814
818
748
799
817
759
796
751
823
761
798
802
821
795
763
806
766
869
780
806
820
842
777
805
829
836
806
767
793
825
769
817
747
751
788
795
721
768
737
747
731
721
775
823
780
779
764
796
809
799
754
732
788
737
750
778
817
843
774
761
785
770
773
767
777
791
784
762
754
739
727
748
773
737
768
783
800
740
807
728
766
755
776
803
776
811
834
758
708
744
777
805
739
793
784
758
790
803
820
779
789
751
812
887
812
803
851
812
841
859
808
786
758
804
879
804
796
878
762
753
813
836
773
820
819
770
735
779
741
823
813
827
755
745
795
823
776
776
777
758
747
785
774
785
767
752
783
779
771
791
769
812
748
806
754
805
810
802
746
778
791
802
875
791
813
742
804
778
808
760
776
823
734
860
808
819
721
720
785
777
779
722
748
767
754
741
776
798
807
698
754
737
790
747
742
792
735
781
785
767
756
760
756
775
770
755
753
807
758
738
785
759
760
784
809
764
785
817
706
774
752
749
794
746
735
759
778
700
701
768
735
717
780
778
785
764
728
728
759
789
759
744
737
806
760
770
726
817
741
774
746
791
730
727
788
784
757
729
807
763
825
774
754
783
791
766
838
779
825
864
812
814
767
853
762
824
765
777
815
813
781
756
747
764
745
790
731
745
804
753
795
785
719
797
784
673
747
783
785
753
764
745
774
809
699
782
748
786
790
739
802
796
786
765
808
800
760
768
794
812
745
759
788
754
760
782
799
817
742
784
767
777
815
769
770
771
750
774
705
769
730
799
799
730
753
799
796
794
819
772
817
809
756
777
814
769
793
765
740
793
772
814
798
782
752
763
800
748
758
764
751
747
807
761
742
747
762
777
785
779
761
748
778
771
777
724
827
756
810
707
765
790
751
764
768
773
779
718
758
723
750
742
773
779
789
747
833
749
805
797
774
764
766
737
779
788
809
773
792
820
758
753
824
783
790
783
783
793
776
821
805
781
793
843
804
817
840
752
788
740
814
824
839
825
810
829
782
769
753
794
780
711
787
757
836
718
715
767
799
786
752
769
724
767
785
826
781
893
751
751
819
766
872
780
799
824
772
890
802
775
821
784
762
842
856
836
808
791
774
801
814
799
779
754
862
779
818
779
783
827
786
773
791
766
809
812
794
816
753
811
790
836
794
778
825
771
749
818
857
798
793
770
782
789
788
809
801
790
801
762
826
841
861
817
787
830
777
794
770
775
833
804
765
752
839
744
757
778
733
763
822
803
811
836
771
775
767
755
787
756
774
792
821
756
818
798
796
814
789
790
794
830
766
743
730
807
789
760
791
797
763
755
740
817
836
779
838
748
776
786
766
823
779
800
807
771
860
791
808
793
785
844
804
813
852
788
784
761
775
814
847
840
797
829
810
809
884
837
847
862
874
822
835
873
856
876
898
904
906
911
923
982
935
980
1005
1061
1005
1039
1034
1031
1032
1130
1052
1089
1138
1089
1110
1105
1136
1053
1144
1140
1138
1119
1094
1098
1209
1124
1109
1195
1156
1138
1192
1113
1143
1128
1178
1154
1183
1077
1101
1139
1033
1078
1018
1062
1079
1036
1015
1000
966
1021
983
1034
934
936
850
949
972
965
961
930
859
910
872
855
870
806
815
820
813
849
829
828
839
833
771
807
773
777
808
824
780
701
738
728
728
737
691
721
677
731
708
764
714
728
735
785
724
700
732
691
729
683
692
744
727
691
740
661
699
697
713
726
683
701
708
742
713
709
717
684
703
726
660
731
701
674
667
770
753
704
669
708
728
683
698
698
677
697
696
702
679
655
742
748
708
721
695
661
723
746
720
695
709
726
741
719
747
740
754
721
740
710
739
756
797
762
729
867
798
799
790
768
797
857
778
788
863
874
873
857
867
893
829
886
817
913
829
911
875
900
893
879
903
846
874
835
875
827
822
929
858
916
816
883
890
839
915
822
847
846
868
857
875
841
860
852
836
875
824
816
896
855
855
836
813
920
826
852
823
814
872
892
873
885
850
879
868
848
864
829
902
800
858
932
863
820
854
924
800
859
823
865
829
850
855
832
821
875
860
838
860
843
875
861
851
836
857
813
890
856
855
838
919
888
884
890
852
856
851
854
865
887
859
920
890
844
875
880
867
958
892
903
869
861
836
805
832
801
849
819
886
830
823
841
823
868
836
900
879
843
866
852
809
807
886
816
832
819
823
871
843
813
840
865
817
807
890
807
805
862
827
853
822
865
920
893
845
874
864
899
887
943
831
933
895
872
898
910
923
891
886
939
932
979
898
978
934
924
922
914
980
881
940
905
954
946
901
957
931
942
911
938
929
921
947
988
955
941
961
944
943
885
987
958
960
874
917
898
931
893
904
909
900
935
901
950
935
941
832
872
932
928
908
932
917
931
927
882
886
869
954
900
923
908
908
926
939
955
894
916
925
923
932
898
887
916
896
953
910
878
931
852
912
898
892
913
888
913
893
866
931
859
923
887
939
905
911
895
877
941
870
850
912
899
960
891
898
893
890
929
883
872
883
927
923
970
939
898
910
944
961
969
910
924
940
909
958
970
893
1012
888
889
930
858
918
903
855
865
845
905
824
873
800
802
820
743
801
804
831
821
817
814
784
864
849
810
805
796
830
849
765
777
837
794
811
797
815
826
827
822
784
780
747
822
814
816
764
810
839
825
785
806
787
759
870
809
770
792
799
783
811
782
814
795
788
785
751
775
749
806
773
773
775
781
793
806
786
824
826
835
812
807
801
833
812
809
870
832
820
845
842
809
819
810
832
740
864
802
774
771
802
797
843
775
829
791
791
810
800
814
780
801
867
802
877
822
860
812
811
813
800
842
750
796
826
841
855
840
858
877
820
827
889
876
913
810
885
901
895
817
862
848
881
855
808
868
890
951
887
853
840
823
854
874
833
815
872
835
952
834
881
876
855
856
856
901
872
843
911
878
838
834
877
879
816
808
793
834
844
802
836
828
823
788
806
843
806
836
814
790
788
834
826
791
845
802
820
806
820
837
858
842
767
856
797
791
822
843
781
779
826
795
825
764
779
780
858
815
814
829
792
765
788
762
743
792
773
737
790
818
794
769
715
752
734
782
840
776
764
741
753
747
771
765
716
821
790
733
764
772
842
847
776
851
819
858
822
839
803
831
864
835
846
876
839
849
877
916
939
921
863
896
879
962
963
893
898
911
935
852
949
883
926
914
873
851
961
951
956
834
922
974
897
898
904
919
845
907
821
858
896
857
866
836
803
855
840
835
872
833
847
851
793
871
744
807
788
847
862
806
871
868
858
781
785
835
822
810
770
828
742
794
840
849
770
833
821
726
799
779
736
763
762
715
740
767
785
733
743
790
777
751
749
784
811
775
748
827
751
810
777
807
769
797
818
733
752
739
705
766
730
827
800
801
812
798
801
732
785
783
809
795
791
745
745
822
791
757
794
786
791
834
816
791
804
855
768
802
825
750
777
769
766
833
807
792
844
810
788
843
825
813
816
819
825
815
880
837
789
796
867
813
867
833
853
863
870
908
849
864
862
865
851
842
897
850
884
849
824
805
852
853
821
876
824
749
837
876
823
810
841
903
842
842
885
869
850
844
821
837
846
852
809
810
853
772
894
821
831
818
829
845
797
859
830
785
847
847
829
839
879
829
830
838
848
845
838
844
832
870
855
824
821
821
874
800
876
830
839
885
859
900
892
832
915
844
865
889
873
813
822
829
874
821
811
781
796
830
828
816
789
836
820
843
810
806
795
835
818
847
802
818
807
818
837
881
819
835
854
863
842
876
839
877
869
844
923
956
904
935
908
946
954
959
983
966
1033
1022
1025
1047
1013
1032
1014
1016
1033
1026
989
1049
1032
1089
1026
1037
1036
1014
1011
1036
1007
1054
1027
1026
984
942
882
945
935
933
950
929
943
968
898
925
896
869
944
937
920
938
885
931
963
968
944
977
1022
909
1009
1010
975
923
988
928
962
910
885
913
943
930
831
926
946
866
898
855
862
855
830
916
901
900
866
812
837
824
877
854
872
829
842
838
859
798
802
800
798
831
889
800
821
774
783
783
780
772
805
787
788
814
838
824
810
718
788
760
749
734
805
750
753
759
757
766
784
706
747
662
733
748
740
719
741
768
834
738
717
715
722
718
707
753
790
747
716
763
762
812
790
771
767
806
785
775
788
807
830
803
804
812
808
752
777
784
743
752
838
820
771
796
818
802
745
794
795
801
786
779
757
804
843
862
838
833
861
836
842
832
812
879
855
812
776
848
839
835
882
805
876
861
830
816
872
819
819
805
843
892
806
793
784
840
878
814
811
828
859
892
813
897
893
817
842
830
837
808
856
913
812
842
821
908
886
794
853
849
890
843
846
841
818
890
882
836
831
844
808
874
822
859
858
854
846
827
893
879
854
866
889
799
878
911
902
883
855
888
841
837
820
833
845
788
887
818
898
895
889
879
824
856
848
801
926
900
858
855
859
904
836
857
865
909
874
841
921
911
861
891
881
874
882
863
917
839
911
884
907
916
915
923
880
875
852
925
869
865
833
837
860
881
869
861
884
871
827
887
828
935
853
850
800
874
821
883
877
878
867
851
844
892
872
877
866
874
886
842
898
875
899
845
859
849
871
868
849
876
863
861
851
855
796
837
845
920
832
835
870
825
817
873
815
856
885
880
820
840
812
856
867
859
856
845
863
818
842
870
831
864
818
843
759
825
828
776
826
826
833
807
808
811
847
788
818
835
762
865
820
800
801
892
790
853
776
792
857
847
856
801
830
855
804
884
846
780
852
738
832
854
813
824
839
839
827
829
830
826
754
802
819
803
812
805
834
749
782
878
800
878
836
805
851
804
800
854
814
841
890
848
872
883
894
802
849
902
912
893
901
899
811
932
920
929
963
880
882
852
904
905
901
861
899
882
870
858
869
827
771
814
812
874
864
839
880
806
825
767
751
788
764
797
767
814
799
771
727
812
786
845
770
827
740
815
814
801
771
744
771
791
754
789
732
788
855
776
831
803
811
738
742
788
821
816
853
839
784
806
791
795
777
788
739
781
853
803
800
841
798
803
757
835
795
820
842
787
817
825
830
803
801
871
843
839
931
904
837
829
827
856
851
827
836
824
839
818
854
868
910
824
807
816
805
789
828
807
829
830
788
754
815
881
810
825
880
807
822
899
859
886
861
882
839
803
840
849
877
815
820
780
800
853
866
779
842
847
832
852
857
842
875
803
758
861
804
765
810
834
847
790
766
810
832
827
722
784
854
800
788
814
807
815
839
747
757
790
809
790
808
792
795
845
719
815
841
800
765
814
841
798
748
757
798
851
808
780
752
825
834
798
776
778
775
785
771
799
809
709
774
775
762
736
760
793
809
798
797
767
797
788
767
793
807
780
772
815
758
762
782
799
833
829
808
835
796
804
834
859
806
796
851
801
760
823
733
832
756
752
851
784
775
803
837
857
881
814
822
802
829
773
826
790
836
843
840
887
815
859
789
798
871
860
794
848
861
842
837
811
826
834
881
852
859
812
865
872
869
863
836
788
826
879
810
801
817
820
885
873
822
839
849
795
811
920
775
795
807
795
823
777
847
779
787
805
813
738
739
791
799
791
744
826
830
787
771
773
760
803
733
798
834
782
810
812
781
768
784
817
816
802
751
771
765
778
803
821
777
802
764
716
755
725
797
722
785
695
741
764
689
766
730
722
697
747
748
714
730
791
696
749
770
736
758
726
736
725
776
743
780
819
788
822
765
794
882
770
826
814
833
798
817
808
791
839
819
825
876
825
838
877
740
817
805
801
755
840
813
840
789
857
809
896
762
832
854
843
884
810
823
872
872
799
810
867
804
859
878
827
851
801
827
792
770
801
772
813
768
828
875
778
791
757
809
840
825
750
778
786
752
820
806
801
805
802
857
791
846
781
757
773
781
769
799
790
739
812
836
774
757
779
778
803
799
822
876
735
797
813
810
808
793
828
767
746
862
787
795
808
836
805
808
811
831
852
782
858
793
824
840
809
874
885
837
840
898
902
864
927
864
901
966
868
969
885
913
909
911
877
906
955
909
889
906
876
904
896
941
904
873
880
947
821
828
831
807
811
824
785
867
884
805
856
843
867
856
866
815
802
797
830
801
864
831
843
784
775
771
795
847
846
857
830
790
839
847
882
759
874
814
845
774
804
805
849
818
856
753
771
828
844
769
784
828
815
794
738
732
856
716
756
783
747
781
763
819
768
766
729
840
798
777
854
821
758
795
829
756
807
831
820
768
806
814
839
842
762
837
856
779
819
814
818
795
801
867
802
834
781
792
766
789
810
846
832
834
818
775
805
801
740
849
776
786
759
820
840
828
800
819
803
774
788
812
883
804
778
813
817
805
716
784
815
820
793
804
762
803
778
822
756
819
800
894
842
811
843
814
859
838
818
865
811
831
811
810
884
868
879
827
843
894
867
937
810
845
836
890
868
797
865
876
848
878
918
937
797
862
854
827
820
870
900
791
782
878
816
806
804
849
793
787
830
804
825
767
813
794
788
756
758
787
783
762
738
817
764
742
802
780
751
813
788
736
812
788
743
814
789
796
818
827
753
848
778
779
758
824
790
816
823
796
805
802
805
753
821
750
771
755
783
799
793
751
729
795
765
786
729
778
798
722
826
781
736
776
748
785
754
737
749
805
752
752
785
758
816
764
777
778
768
771
744
769
717
757
740
806
751
756
736
795
795
735
752
797
791
784
739
780
760
823
758
747
756
808
748
764
775
770
721
736
843
703
760
797
705
727
719
757
726
760
756
728
737
700
784
728
693
775
729
769
716
738
756
727
769
721
836
754
744
764
776
771
753
774
773
789
743
773
833
825
763
814
747
772
791
783
750
813
842
794
824
831
810
799
774
789
760
796
856
825
788
785
839
771
741
777
796
840
807
822
840
802
749
778
781
791
789
789
817
752
784
726
802
771
774
762
782
788
773
745
811
791
832
772
770
813
772
802
763
741
756
795
827
814
866
816
798
816
816
828
785
808
793
787
797
814
800
789
780
830
810
783
840
850
771
757
829
781
792
732
843
756
756
781
725
803
823
762
749
761
765
794
835
809
807
810
833
823
831
849
792
880
845
819
796
824
863
832
850
888
763
798
829
789
804
792
834
836
826
831
847
888
875
799
808
822
784
805
881
757
786
762
782
773
833
788
759
798
774
766
783
744
763
726
761
755
824
749
827
818
730
827
802
766
782
756
771
774
787
818
807
752
744
770
834
785
784
779
812
793
733
807
773
794
740
734
830
759
831
794
842
780
802
825
793
757
770
809
856
818
815
798
805
783
798
835
789
801
812
808
841
889
756
787
756
801
760
821
820
755
769
753
797
793
774
719
721
753
764
766
776
755
822
813
737
739
751
734
818
762
864
751
768
810
800
783
734
750
751
693
771
777
835
748
741
760
788
745
790
712
725
746
774
743
716
810
824
773
842
798
774
878
925
865
854
863
811
811
892
865
829
889
837
857
794
894
834
811
832
852
887
948
897
887
853
905
854
816
811
842
832
849
821
817
790
786
788
850
816
880
835
785
778
765
844
755
789
779
775
824
758
751
736
735
803
744
741
781
785
734
784
705
840
732
739
748
700
730
769
757
795
752
747
811
710
760
731
755
759
780
695
742
807
750
737
735
750
723
776
740
754
766
758
794
765
756
741
756
794
778
765
706
777
711
740
739
725
753
771
750
742
720
801
728
790
817
733
811
867
841
789
767
789
782
752
830
794
773
749
836
844
807
788
798
817
789
838
821
838
874
865
817
802
795
817
853
829
787
831
835
829
832
755
781
793
845
800
770
821
777
768
775
764
819
775
811
755
796
827
771
791
837
770
813
819
816
788
766
801
829
791
791
822
781
801
814
749
807
778
788
890
805
826
765
745
753
774
738
794
771
724
801
776
793
767
788
728
752
770
784
748
817
782
726
800
761
754
801
826
755
744
785
728
780
780
806
792
799
794
795
761
818
790
821
740
782
751
760
804
814
732
797
805
727
799
769
830
811
793
828
754
809
821
829
877
850
792
787
795
789
779
767
757
806
777
817
795
775
739
833
744
849
824
786
770
746
784
755
789
768
762
821
709
807
801
733
788
768
809
730
780
747
771
711
744
752
797
757
767
779
838
780
822
763
785
842
814
760
815
768
784
765
787
771
762
818
766
805
774
780
784
791
785
747
744
782
797
822
732
800
846
794
724
736
771
786
827
774
837
754
780
769
719
846
751
830
743
806
813
809
765
749
788
780
797
831
770
806
807
762
830
787
771
772
805
847
868
818
791
790
747
791
812
780
781
781
776
743
835
810
763
744
808
754
777
749
715
765
832
744
704
735
716
710
752
664
714
724
718
697
692
742
726
744
728
705
732
731
693
688
777
743
734
729
709
707
706
768
749
809
787
768
757
755
830
804
805
755
807
772
761
778
788
792
732
763
740
726
760
721
760
780
741
742
778
722
787
715
716
703
694
770
732
773
710
751
750
764
678
713
789
739
757
755
784
814
741
768
706
731
710
741
798
738
756
826
876
787
822
796
773
832
776
773
814
765
769
710
780
767
730
804
797
753
720
807
766
768
777
781
763
773
757
800
771
757
757
747
786
698
709
741
808
742
780
834
764
757
762
756
802
746
813
741
768
739
753
811
791
801
753
804
763
744
814
813
773
800
804
844
797
797
840
795
789
815
797
751
807
829
825
818
757
743
777
748
773
786
791
779
728
749
855
769
820
761
813
771
787
782
803
765
817
767
734
750
801
799
815
781
781
740
788
847
826
808
826
831
826
811
818
792
850
809
773
798
838
817
873
814
847
767
790
834
792
833
872
816
801
847
849
783
800
753
790
806
715
786
805
746
836
806
779
768
780
749
733
820
803
777
791
751
774
749
775
768
766
791
731
668
729
723
724
778
733
760
738
698
715
695
688
720
749
778
738
767
794
718
728
764
754
779
740
812
751
757
790
726
761
760
689
731
700
726
685
746
706
691
727
774
663
726
733
670
692
671
807
697
742
705
762
669
684
703
779
745
706
721
780
675
719
740
743
726
694
743
741
760
766
749
772
716
796
828
788
762
829
846
740
772
799
773
813
798
830
778
805
782
755
777
819
814
787
819
783
776
751
815
791
788
833
778
831
803
802
795
785
805
837
803
802
838
762
805
842
803
814
784
851
883
777
875
813
883
819
812
786
823
844
772
795
833
815
838
789
853
831
843
796
804
764
760
803
774
813
773
808
776
816
757
747
741
720
702
843
778
820
730
774
755
812
821
791
777
793
842
842
832
797
788
791
808
826
780
818
839
894
809
806
838
786
794
787
771
771
809
736
807
745
773
791
787
818
761
800
754
791
725
768
750
735
771
733
857
751
772
791
745
780
825
719
723
782
752
711
739
751
738
742
707
780
773
775
769
720
711
738
741
820
748
736
843
806
754
788
709
787
746
819
791
720
745
790
702
751
825
742
749
745
749
760
757
751
778
696
780
713
774
730
685
736
693
734
734
770
791
736
750
708
803
773
705
709
740
753
721
719
743
722
702
684
715
715
715
698
738
666
722
675
743
696
726
727
780
751
679
737
694
743
786
787
758
690
727
778
777
719
728
760
760
766
756
760
767
706
719
710
743
763
729
721
733
727
729
705
723
709
752
683
754
757
685
713
760
686
652
704
782
725
732
797
744
732
737
750
727
750
782
769
780
845
785
772
812
759
808
818
825
809
793
855
823
792
813
787
864
813
783
817
854
824
814
809
795
748
812
850
784
818
789
768
796
754
860
813
817
836
807
833
679
815
763
790
774
765
810
792
748
764
794
777
777
788
749
786
724
833
730
780
758
758
768
784
827
729
806
800
772
743
711
743
760
800
758
750
713
760
716
820
783
778
772
736
797
750
710
763
815
777
760
801
796
741
756
805
753
817
798
808
789
758
847
773
763
780
793
720
768
713
719
732
740
745
713
747
771
698
734
715
762
804
699
764
726
724
794
734
755
728
754
769
770
757
755
789
786
799
819
752
789
734
729
781
767
816
807
781
829
805
861
802
796
787
779
832
790
814
829
854
878
766
807
830
833
802
823
769
787
812
882
838
776
834
802
814
806
760
739
798
773
784
761
766
820
736
825
791
805
779
759
731
795
756
776
777
743
719
776
776
727
770
791
731
772
770
781
787
768
778
706
757
711
763
716
762
751
684
782
802
717
743
709
790
794
736
778
767
776
751
814
693
715
724
754
804
741
792
777
757
780
723
754
753
775
764
783
763
758
767
743
783
782
781
757
749
820
778
718
775
775
733
743
771
708
752
746
751
754
763
747
746
771
794
752
794
774
780
763
823
797
768
743
801
854
767
819
748
813
794
781
798
815
803
757
728
755
758
783
778
792
809
826
763
775
755
852
794
825
789
790
750
781
872
776
793
767
742
771
756
795
813
778
837
779
741
809
781
741
815
826
801
845
791
818
810
733
788
711
811
787
818
754
768
767
779
763
784
746
803
784
809
797
802
775
766
808
753
766
825
769
801
710
830
769
778
776
722
792
783
828
844
817
821
796
805
856
766
813
768
777
768
821
829
801
782
847
776
786
857
812
856
866
895
878
864
860
898
840
865
875
871
830
920
859
874
848
828
822
780
850
792
891
807
901
793
798
826
802
787
856
795
797
773
806
764
715
774
776
735
727
713
732
748
772
685
727
724
726
756
777
760
763
736
734
754
744
769
708
741
785
719
776
719
745
712
765
779
729
767
761
746
777
752
795
762
784
787
807
778
775
745
797
794
840
791
854
819
819
813
757
835
786
824
844
847
832
878
860
844
837
855
846
827
898
828
852
835
898
869
794
858
821
833
823
878
869
824
811
800
745
805
833
838
839
858
795
780
837
861
764
820
806
873
855
801
813
812
779
903
763
821
839
781
815
818
787
798
782
806
764
804
777
774
823
791
838
855
795
862
800
781
767
822
804
813
839
848
773
854
830
811
805
776
841
817
772
777
785
789
798
760
851
827
758
844
836
729
759
720
737
814
751
792
792
763
743
823
795
747
788
803
741
777
730
755
712
742
808
791
787
760
763
790
733
759
720
787
742
800
837
752
760
738
779
805
714
805
758
782
750
755
777
723
805
756
747
780
774
763
849
784
786
778
792
799
814
813
792
851
829
814
813
846
810
801
845
824
807
829
855
796
850
852
788
802
802
732
837
854
779
789
796
781
832
789
808
791
742
813
789
815
786
805
757
772
774
754
749
766
790
804
811
825
829
820
772
799
812
800
799
761
793
785
799
892
815
819
801
786
862
807
808
809
786
794
793
823
772
807
754
826
737
787
778
777
805
776
810
777
764
844
791
836
812
703
770
784
763
747
733
774
755
779
700
756
771
796
770
730
792
784
754
756
708
773
766
821
811
815
792
781
827
818
809
806
881
828
847
859
882
878
928
926
914
991
961
982
1077
1032
972
987
1064
1075
1041
1149
1087
1144
1098
1083
1104
1071
1149
1171
1132
1224
1219
1173
1192
1235
1307
1182
1237
1372
1275
1249
1287
1299
1368
1232
1352
1226
1312
1340
1302
1309
1264
1281
1285
1205
1199
1250
1125
1091
1159
1274
1228
1221
1159
1160
1126
1192
1163
1136
1074
1143
1055
1081
1026
987
1021
1006
1061
1030
954
980
991
955
939
939
947
943
870
858
924
959
916
852
836
866
881
834
878
793
826
813
800
847
798
813
841
837
734
739
711
689
683
717
761
736
695
776
695
685
722
666
690
654
719
684
679
646
712
608
654
661
683
654
674
664
725
643
685
687
659
660
632
656
621
610
654
641
613
648
661
659
608
623
668
639
685
629
667
674
656
706
664
684
684
649
705
669
718
721
624
717
701
723
729
756
718
688
691
730
709
717
708
700
703
692
685
754
659
671
705
732
716
686
679
702
742
760
730
698
649
744
746
737
743
734
692
738
767
771
703
725
748
753
773
714
759
775
798
717
721
728
793
782
756
748
757
787
777
809
731
773
832
807
774
810
818
749
708
823
795
823
768
751
830
786
788
789
786
762
745
757
737
827
836
808
821
764
756
851
812
707
805
766
823
782
779
789
751
808
777
797
819
725
809
795
802
792
790
736
774
822
735
738
768
757
802
734
752
767
803
804
760
808
751
789
753
778
843
819
774
808
790
840
765
832
835
800
847
845
891
889
829
922
823
814
820
841
794
884
849
870
864
834
853
855
907
918
922
911
874
931
904
851
878
890
931
894
897
927
879
892
866
955
855
968
928
846
911
837
845
879
873
882
885
846
954
843
823
818
825
849
901
760
805
758
764
837
780
783
770
815
781
772
806
752
782
803
791
769
805
786
852
792
845
774
812
803
794
811
826
786
773
803
824
855
744
686
770
797
820
765
834
817
813
821
782
860
782
788
800
807
826
883
821
792
789
779
797
774
815
797
776
788
804
818
756
829
838
770
834
836
805
834
824
783
817
805
812
753
861
817
826
782
826
799
812
855
785
858
812
806
840
783
832
825
817
812
895
919
908
885
904
888
902
886
891
927
887
927
883
882
928
930
930
979
982
938
988
1055
1030
1004
997
1036
1060
1075
1093
1051
1067
1011
1058
964
1024
997
979
1010
985
1000
952
958
956
952
952
944
910
903
855
815
906
843
844
877
781
754
733
824
791
793
812
854
836
839
743
849
786
805
801
780
785
742
820
778
793
744
812
763
791
792
733
796
763
719
746
750
738
740
780
736
799
767
723
784
690
758
734
685
733
726
729
652
712
704
731
704
642
758
727
731
769
661
657
726
701
700
713
756
733
695
737
699
688
740
674
733
725
772
687
705
802
807
724
707
743
757
741
744
700
738
712
735
706
717
724
779
785
764
736
718
720
736
725
747
780
721
724
716
792
749
764
738
757
731
778
757
780
741
792
767
773
764
772
764
788
829
793
769
776
779
793
761
816
727
856
793
824
813
816
752
856
854
826
834
927
839
827
816
827
830
868
859
895
905
857
884
869
935
836
904
842
994
977
915
1016
952
940
1000
986
904
934
850
889
922
948
910
957
936
901
925
883
926
900
910
953
943
859
892
947
917
889
885
899
904
970
873
951
925
897
893
918
889
936
969
955
909
966
878
916
918
869
941
905
972
948
950
887
944
858
908
957
975
951
974
968
986
956
938
967
978
1038
1031
917
967
984
977
978
990
984
1002
979
1041
988
998
963
888
977
955
942
985
931
920
952
922
877
856
990
890
914
902
912
923
919
905
884
842
920
842
912
881
838
844
833
889
846
856
823
806
870
814
798
835
804
813
830
841
816
809
835
870
878
867
819
843
871
858
801
753
841
781
802
824
813
783
845
849
820
828
800
839
802
850
829
781
802
785
832
797
857
817
834
837
777
881
887
837
827
844
836
784
844
827
837
829
879
905
900
924
863
840
837
916
896
873
883
820
838
852
853
826
848
859
905
849
832
812
834
814
851
836
868
878
842
837
826
843
807
850
848
806
792
827
810
831
794
818
846
829
759
862
825
785
824
848
788
815
847
900
759
838
754
800
824
807
786
819
824
752
815
805
782
840
814
796
798
813
847
827
802
788
790
812
819
846
749
801
825
752
807
820
793
842
850
791
785
786
840
834
819
909
879
832
820
813
791
826
842
752
847
851
865
873
836
815
862
848
813
862
885
824
770
827
803
882
828
885
837
800
856
811
833
896
821
818
856
860
851
844
812
806
832
786
833
793
799
858
841
754
880
803
876
864
826
781
811
853
846
877
866
947
929
883
862
863
838
845
944
900
976
921
974
953
909
909
916
914
953
913
887
940
883
928
877
911
794
848
900
861
952
861
885
850
832
841
908
844
837
848
911
806
895
889
891
843
836
914
833
929
843
867
809
876
833
896
845
853
859
837
869
838
837
815
868
880
798
875
902
840
863
837
768
793
822
795
892
831
821
826
882
855
742
789
822
821
818
834
865
823
819
805
807
847
762
804
795
841
825
833
795
799
810
870
794
763
799
839
851
844
828
864
781
839
782
836
815
943
898
897
896
870
905
796
839
865
794
940
854
820
876
842
837
861
861
836
841
890
857
853
872
786
811
824
830
850
885
817
792
812
819
836
899
825
831
779
799
869
776
771
802
784
820
841
828
801
819
785
777
792
819
827
747
789
780
770
774
795
827
770
759
845
785
876
875
842
811
833
831
824
809
778
844
816
812
828
840
798
829
775
822
751
754
800
741
784
759
790
807
825
829
812
815
799
827
744
772
782
768
787
809
768
759
787
839
806
775
753
767
802
745
811
733
777
810
785
787
740
828
770
785
800
790
784
827
823
813
819
814
848
803
812
807
776
789
788
801
826
811
807
813
847
822
859
784
871
806
879
817
820
876
806
831
831
814
778
809
921
834
855
840
817
853
883
899
843
824
848
896
873
876
880
937
882
876
857
882
862
876
900
856
846
863
848
890
928
924
883
860
878
842
814
869
811
806
820
845
825
751
810
862
829
803
817
729
805
782
741
718
784
672
817
731
777
761
827
732
769
789
747
773
816
795
774
796
849
720
811
796
756
795
806
712
787
819
805
760
735
791
782
795
757
768
737
792
756
748
777
748
749
763
837
723
726
796
733
768
780
818
714
778
817
757
769
794
823
832
795
724
864
826
802
760
803
797
755
845
820
813
823
829
792
776
811
812
793
813
830
759
786
794
806
804
799
795
826
834
820
744
738
771
813
776
857
810
821
757
772
773
756
822
760
728
833
816
863
827
850
806
809
843
839
811
827
830
842
844
854
884
863
816
796
795
838
829
806
798
786
828
816
741
794
831
771
825
786
846
850
858
849
814
829
810
824
847
832
836
836
852
909
846
828
824
779
793
777
814
872
839
790
841
824
794
860
857
803
790
768
795
819
826
867
803
814
816
837
855
800
916
833
842
815
827
879
833
841
769
871
851
809
883
891
883
842
834
880
783
869
805
839
809
816
810
786
775
865
807
797
856
771
822
819
832
853
811
826
832
835
785
832
816
825
798
873
881
857
802
868
837
825
775
817
791
798
826
853
774
823
744
790
798
747
739
819
743
799
788
821
755
791
794
775
749
785
789
790
773
775
814
809
807
840
842
755
833
855
797
818
785
867
796
815
817
871
858
892
885
861
907
841
840
853
895
847
870
885
911
858
896
857
849
849
826
888
793
799
780
797
799
836
808
795
803
816
821
775
807
772
803
816
861
807
821
768
806
750
806
822
816
822
787
765
750
804
773
772
784
761
798
742
759
811
788
844
722
700
756
801
736
765
775
797
755
790
748
805
809
781
752
770
779
745
778
821
810
838
831
821
814
790
795
871
781
865
873
906
856
780
859
857
830
858
880
882
843
814
786
885
864
848
835
806
834
790
838
796
793
814
800
776
869
807
770
807
824
742
811
775
816
794
753
793
812
735
722
747
752
746
753
750
800
693
769
796
656
777
758
775
760
771
755
747
808
706
757
791
809
780
814
716
745
798
739
761
752
745
732
729
778
779
780
755
721
804
761
790
770
793
766
755
772
728
768
795
746
812
765
847
751
788
827
751
813
817
818
784
853
819
751
837
809
874
778
861
786
803
714
799
861
866
787
803
853
797
832
814
833
826
823
773
808
805
829
811
827
781
854
830
806
895
832
878
826
832
870
844
857
858
851
836
861
902
876
878
849
889
904
898
910
878
873
819
851
881
913
853
794
810
821
830
851
873
853
806
784
827
824
819
829
792
768
747
771
777
826
785
806
790
780
806
787
768
789
728
768
750
756
779
756
763
725
765
760
722
786
755
799
805
771
776
825
822
724
753
786
726
717
753
782
723
735
770
726
744
799
727
733
756
747
714
744
754
745
736
744
745
725
725
797
707
786
754
755
852
768
771
753
745
762
762
768
744
802
729
773
797
808
805
769
762
807
780
813
763
769
759
830
784
741
764
770
771
748
820
780
739
737
802
774
789
743
744
828
757
793
798
791
744
780
746
770
752
751
822
795
793
760
758
793
788
779
768
766
774
788
740
780
750
744
734
784
755
843
778
870
729
765
740
805
778
806
787
797
747
786
753
794
778
829
773
739
790
729
751
766
776
741
806
780
771
795
789
767
816
802
846
807
798
816
840
787
819
774
804
859
800
896
786
854
815
808
761
743
777
792
805
765
766
778
762
815
797
805
761
834
716
709
755
789
760
781
711
744
785
806
789
743
773
781
787
810
786
761
782
730
740
872
825
785
818
798
813
852
870
773
784
771
771
774
784
791
813
759
797
806
745
743
746
734
754
802
760
736
772
803
740
794
733
756
746
747
740
770
800
714
722
799
769
780
768
792
813
786
766
794
773
783
762
748
810
747
798
763
754
759
727
744
775
728
701
773
805
757
795
723
775
780
752
688
751
721
733
732
787
749
739
719
820
694
786
742
732
782
762
739
742
758
793
713
720
748
754
780
742
737
806
774
784
739
728
766
746
769
757
742
712
776
776
745
859
714
774
753
756
785
723
760
742
723
770
758
751
747
776
771
759
771
738
758
736
805
684
776
769
778
781
766
753
716
754
754
698
729
785
774
782
768
749
775
731
740
738
755
706
786
776
771
751
697
734
767
799
789
763
851
784
799
756
774
830
749
762
791
811
822
776
843
835
760
867
767
806
793
774
785
751
747
786
795
805
744
738
776
844
729
739
732
766
834
782
749
740
720
758
771
799
774
811
783
786
771
840
818
778
738
732
756
752
756
758
779
742
811
790
754
728
761
859
821
772
742
779
816
776
759
756
804
776
768
783
791
777
744
788
806
798
776
864
693
779
808
770
776
793
782
773
782
725
775
742
758
728
754
750
717
722
726
848
799
703
813
689
758
722
715
718
748
733
724
739
706
735
752
764
818
772
726
769
768
710
762
753
709
765
728
698
728
727
728
747
731
718
725
767
735
732
698
706
742
775
720
776
712
767
738
712
751
721
731
734
678
743
746
676
780
741
734
713
769
806
780
755
728
770
696
744
777
696
720
732
740
672
675
703
659
675
669
773
716
732
683
687
662
704
710
756
653
706
738
727
763
675
796
718
673
730
722
728
695
779
789
734
749
699
790
804
756
775
783
744
778
793
768
873
762
808
764
816
859
768
865
783
774
767
788
733
810
745
824
789
753
752
793
842
815
775
774
826
781
831
738
752
808
794
813
855
787
724
823
721
768
796
788
791
751
834
749
783
752
769
746
797
743
789
795
774
744
764
756
753
765
792
734
727
743
762
754
726
765
770
786
763
771
763
777
793
765
796
759
770
807
757
757
818
804
760
773
722
784
757
799
838
772
807
778
824
767
765
776
840
753
706
816
768
796
774
777
812
817
789
794
794
742
738
717
747
737
805
762
788
801
748
763
713
768
821
759
749
773
777
688
731
705
729
744
771
733
722
766
717
708
719
761
768
759
678
750
754
759
749
718
792
761
745
720
718
704
719
743
695
746
716
738
709
713
793
707
770
706
735
806
644
687
730
650
724
693
722
701
717
703
688
756
696
703
691
685
704
687
700
811
699
756
739
698
762
701
694
750
733
688
730
739
700
710
699
662
720
784
779
833
752
770
821
760
839
747
733
783
807
811
772
863
790
849
781
770
755
785
816
772
810
801
799
796
820
753
829
790
759
795
774
786
808
806
797
840
801
782
824
794
794
884
775
871
775
834
807
734
778
789
861
772
766
759
801
736
802
764
759
774
726
743
764
739
713
759
723
771
784
734
711
719
711
745
723
760
735
740
734
737
721
732
714
731
766
666
754
779
668
707
696
681
683
732
705
699
687
700
747
716
705
721
713
729
710
701
705
712
700
706
690
733
704
712
652
740
734
682
748
721
841
806
749
757
788
798
820
819
795
828
808
833
819
795
761
773
775
806
734
798
742
769
774
798
763
749
790
740
803
769
766
793
774
762
770
699
716
876
758
749
746
730
763
785
738
807
825
812
782
776
813
810
804
758
738
798
810
803
838
837
837
822
810
860
861
826
926
818
847
824
854
869
827
892
850
830
865
822
806
861
847
792
805
797
829
806
810
786
784
792
746
787
786
774
716
740
754
740
770
736
727
743
691
689
718
773
744
759
751
764
654
801
757
750
741
769
740
753
722
759
759
743
761
709
778
760
743
724
716
755
708
749
777
777
733
737
728
722
745
671
752
715
708
769
743
755
734
720
728
750
734
677
720
668
736
780
762
696
689
709
775
757
766
724
720
749
747
673
746
753
744
731
823
723
706
731
746
772
758
755
792
798
751
736
805
736
777
788
817
782
802
762
796
757
750
787
703
726
800
797
735
768
723
808
733
789
736
748
784
769
762
760
753
761
777
766
770
769
825
814
773
733
737
840
782
730
766
782
766
766
791
745
742
699
819
800
731
730
757
733
740
767
736
752
726
703
755
728
766
753
697
775
814
723
745
808
779
765
774
813
767
811
746
721
808
739
805
781
822
789
734
738
767
726
746
769
760
754
796
763
764
806
775
832
715
758
719
740
744
788
756
718
800
818
796
805
802
784
750
752
775
813
807
752
788
808
799
831
782
818
802
855
826
833
853
800
851
820
738
829
839
785
825
849
801
797
794
818
786
805
808
793
686
801
789
757
793
748
745
715
748
795
716
722
689
723
748
759
795
792
806
792
720
790
799
767
754
773
781
761
748
768
728
801
816
799
860
800
803
799
829
945
809
866
847
805
776
749
783
765
780
790
806
791
834
831
793
833
760
768
822
797
771
777
812
788
753
759
735
753
793
817
769
761
811
776
802
777
789
773
727
820
788
723
744
724
713
696
781
730
732
759
703
708
697
781
757
781
715
722
735
749
691
761
752
732
733
746
741
717
749
754
785
659
728
755
721
763
683
774
770
712
735
710
714
701
721
721
721
739
729
800
735
726
685
731
721
832
782
715
702
745
738
719
765
822
735
826
691
764
750
783
701
752
760
744
714
695
780
747
775
715
787
745
740
731
748
787
744
696
751
809
717
786
775
776
762
732
769
838
783
771
811
863
764
806
768
843
774
821
816
815
791
791
787
770
815
832
803
866
862
831
789
868
804
808
837
770
808
728
837
779
739
773
778
754
787
778
761
784
730
778
733
738
769
786
751
760
750
775
774
730
710
764
795
756
784
742
772
769
670
734
785
785
747
855
833
704
742
740
715
738
710
709
765
762
734
776
779
797
749
777
836
781
776
767
807
779
817
786
783
749
750
776
870
812
738
806
826
785
805
825
777
732
796
798
760
777
778
795
773
779
749
824
718
765
801
748
785
716
736
772
727
748
840
721
786
806
787
775
763
737
782
768
818
824
789
813
738
723
804
783
760
801
778
786
800
773
787
784
780
844
816
733
780
723
850
827
774
756
737
816
798
806
775
875
784
761
757
791
789
798
791
769
874
811
795
805
807
809
803
838
877
851
885
828
825
839
815
829
811
750
794
773
779
768
784
754
780
786
752
788
799
737
794
802
748
779
756
750
764
817
770
817
776
734
825
795
739
764
756
748
815
796
816
776
721
682
753
738
712
794
771
767
760
702
696
772
752
729
705
698
791
761
687
759
742
724
761
775
782
715
687
724
773
766
678
751
683
747
758
721
766
696
721
670
674
727
732
708
695
746
727
733
807
743
789
836
784
771
803
801
823
765
826
729
752
797
727
780
764
779
778
786
787
793
765
798
789
824
815
807
838
760
749
801
786
806
832
830
800
854
833
810
768
826
824
868
832
834
795
829
808
865
790
801
812
839
762
851
837
769
828
800
810
744
794
779
801
821
813
822
753
742
772
743
800
852
796
887
781
783
791
754
792
739
759
795
793
782
783
779
734
761
784
797
818
748
771
854
774
748
786
752
755
789
753
786
781
796
723
812
785
831
771
803
782
832
819
761
793
800
786
831
829
840
822
783
817
845
827
865
816
867
777
822
824
824
865
851
827
844
832
813
882
823
833
861
790
846
856
803
916
870
819
937
896
851
839
808
878
856
845
888
865
909
811
821
884
888
824
823
815
808
812
766
786
734
816
731
742
775
768
720
769
760
811
825
759
781
734
768
733
763
712
738
786
765
762
760
724
743
731
744
642
779
717
711
733
724
749
742
770
758
691
765
731
789
765
691
739
656
770
735
722
753
730
739
723
692
758
690
717
705
799
742
706
720
689
705
794
723
721
664
757
693
689
724
750
718
669
696
726
731
752
688
756
751
740
749
765
808
756
736
779
800
781
757
752
735
735
771
762
805
759
795
796
777
825
809
816
770
854
843
815
846
857
860
886
831
859
785
811
844
859
842
835
867
829
778
862
777
803
768
857
816
859
843
788
843
802
774
812
811
763
810
775
748
802
788
780
777
802
865
781
794
789
864
805
763
785
791
805
867
797
722
765
777
743
757
819
782
797
749
806
749
765
831
755
806
795
822
725
807
793
797
798
774
826
743
772
700
782
845
772
795
804
814
843
803
697
806
766
748
727
791
818
806
796
873
787
701
804
766
852
763
798
795
819
751
828
809
763
763
792
787
728
749
761
726
749
764
746
796
770
807
743
736
758
739
752
797
767
776
755
732
723
784
767
741
745
796
808
704
793
750
818
813
764
691
828
741
774
789
775
766
760
769
783
826
860
767
817
820
782
810
820
819
842
842
807
778
824
812
866
818
839
863
906
812
795
837
865
897
876
823
803
883
861
828
843
870
815
893
806
863
831
815
823
829
810
822
829
827
797
825
818
797
719
760
755
798
799
770
724
790
735
695
756
780
749
775
756
757
725
739
752
790
767
767
762
744
728
747
739
749
733
708
708
686
708
694
748
706
754
760
722
738
734
742
698
734
773
727
731
723
672
683
736
805
688
765
714
683
743
683
762
729
724
768
771
716
742
726
676
764
738
715
706
791
723
755
691
737
735
766
735
713
742
790
705
720
725
773
706
778
731
774
715
718
755
714
755
748
706
704
733
715
744
747
712
742
751
718
649
737
706
703
703
745
705
713
720
699
718
721
730
685
737
706
703
732
699
731
738
728
734
742
781
738
738
767
739
738
780
689
728
775
712
728
725
699
772
717
744
667
807
755
740
674
758
739
771
751
736
766
733
723
746
727
758
758
723
703
749
767
758
748
724
759
789
761
745
739
756
782
777
780
780
722
761
745
796
771
742
762
825
789
826
818
823
773
785
798
838
877
867
764
801
841
823
723
844
790
789
835
759
804
812
779
792
747
758
724
732
745
752
747
748
800
759
757
821
773
760
755
780
775
748
743
744
794
701
773
769
800
765
762
773
782
771
756
825
797
761
747
808
796
831
805
831
779
778
873
780
785
883
827
830
735
820
746
772
777
785
774
783
784
784
765
806
821
821
820
839
779
779
754
757
750
782
710
711
856
792
722
736
748
740
768
744
763
749
732
750
733
723
691
740
732
691
721
740
741
737
781
782
679
755
705
749
726
702
692
698
722
756
716
712
724
767
740
707
700
753
717
746
791
697
782
744
742
689
705
750
700
748
734
685
708
675
715
753
725
773
722
764
672
758
741
731
687
699
723
750
660
717
726
758
785
691
728
786
715
742
725
736
706
722
735
727
711
767
688
721
688
715
686
750
710
735
725
733
753
757
751
748
764
765
707
752
726
744
722
674
767
784
736
776
737
775
750
713
768
761
779
769
730
723
775
794
749
728
771
754
778
751
786
739
717
762
801
762
770
809
748
791
793
769
751
754
744
778
811
794
770
749
784
784
768
776
732
810
735
737
782
791
771
746
784
745
748
763
769
726
732
740
769
757
745
733
698
773
686
757
734
769
694
734
714
726
747
688
678
699
772
717
693
747
792
808
779
749
730
759
726
737
786
732
766
745
730
789
775
753
732
728
722
800
769
725
785
744
792
760
797
804
814
770
785
827
762
808
816
794
793
804
829
824
781
837
795
807
816
873
845
816
805
832
838
835
764
834
788
815
851
829
843
788
858
817
868
811
804
842
754
768
779
790
836
809
797
802
774
823
777
776
794
759
851
763
805
820
800
763
783
832
739
802
801
773
767
800
788
781
798
781
760
796
781
841
774
756
766
814
773
774
782
685
766
788
771
785
731
790
742
750
786
761
768
778
777
773
724
804
820
786
801
769
747
757
790
740
751
799
760
745
725
770
768
742
856
773
761
743
777
769
805
764
731
798
750
720
789
769
770
790
734
781
749
778
777
737
773
755
785
808
688
750
741
759
695
759
815
663
726
742
753
831
770
774
722
743
790
736
752
765
809
745
755
787
741
781
711
771
779
776
765
744
782
800
808
757
745
703
764
777
758
759
741
708
763
851
752
808
814
745
804
817
808
747
811
783
768
784
801
762
777
798
735
789
858
744
819
785
733
801
821
848
808
825
786
856
783
846
761
823
835
852
836
847
846
859
895
945
858
883
930
961
929
961
944
989
1011
1025
983
1013
1033
971
1111
1059
1037
1062
1070
1082
1062
1038
1111
1095
1071
1095
1134
1003
1048
1110
1071
1051
1060
1073
1102
998
1001
999
961
988
916
1046
1006
939
1010
940
890
936
953
926
882
911
881
894
945
833
890
827
824
854
855
880
857
798
767
850
818
788
741
725
766
809
726
823
805
718
705
761
765
704
746
742
717
680
744
696
739
689
681
729
706
681
703
681
699
701
658
695
644
651
634
704
674
680
668
676
706
643
579
665
679
671
722
655
665
627
653
681
664
647
696
627
651
673
714
672
696
700
724
666
638
730
660
677
692
645
653
663
606
631
647
690
650
692
651
631
688
658
693
704
744
705
693
716
736
698
699
759
717
694
723
728
758
750
744
725
733
734
789
728
771
791
715
770
741
761
745
691
706
716
734
767
726
706
796
692
742
700
729
701
757
764
699
767
745
785
778
755
807
731
773
761
730
806
753
793
749
736
794
748
732
711
739
746
743
824
748
733
768
792
792
836
817
830
822
814
858
748
776
757
752
760
809
848
809
845
771
850
813
828
818
801
817
808
789
854
827
820
779
845
777
800
832
827
883
814
815
780
823
846
844
771
833
764
845
841
896
871
825
867
896
863
867
856
830
840
888
888
906
921
902
882
868
895
832
853
879
854
938
924
880
846
910
841
877
884
807
860
823
881
828
821
814
805
777
822
851
831
782
800
735
760
798
829
765
803
797
823
734
842
789
794
772
812
762
852
850
770
789
773
754
838
810
864
801
767
758
746
787
812
805
792
742
773
758
817
839
766
796
767
816
783
764
776
712
812
812
742
774
773
828
787
810
830
826
827
808
860
766
801
818
795
791
875
810
824
797
808
860
844
844
845
935
805
825
898
850
839
811
817
801
768
818
791
825
761
798
765
764
752
751
805
798
767
753
860
782
763
812
800
795
742
762
716
741
802
806
724
661
761
768
742
785
755
762
779
768
769
750
787
707
723
778
733
750
763
736
742
752
765
758
802
731
750
803
749
788
779
737
779
756
775
747
833
777
803
801
746
796
813
816
776
835
806
764
756
826
736
759
838
751
770
746
728
775
743
744
740
776
737
748
842
757
785
766
763
762
706
798
797
792
762
758
764
774
745
750
757
749
694
791
755
732
760
704
806
738
740
744
764
705
836
733
780
744
812
679
716
778
753
787
730
724
763
719
742
762
716
766
782
744
737
736
720
805
720
740
843
702
781
734
790
807
749
710
730
739
739
796
825
741
767
825
767
827
804
819
811
861
815
852
875
789
853
863
840
873
832
850
824
819
814
817
827
802
840
806
810
853
778
760
796
803
803
852
790
774
816
767
810
764
815
714
706
799
716
743
775
777
795
721
703
811
752
770
774
812
756
749
757
741
776
733
756
747
790
747
742
774
723
741
698
727
799
721
800
697
686
731
720
731
770
736
704
722
757
641
709
708
767
725
726
738
789
774
744
726
771
746
787
714
762
731
750
791
773
777
765
767
735
769
805
819
805
772
705
801
762
737
708
746
740
754
770
747
761
761
762
705
711
730
777
705
777
733
711
768
680
759
762
774
799
731
755
732
779
725
726
699
817
789
742
729
779
752
741
797
741
819
811
785
833
800
831
797
739
797
738
767
789
741
772
732
712
759
746
788
798
740
714
830
803
720
786
747
804
777
790
800
844
739
817
760
786
839
755
749
751
774
747
770
789
798
784
773
771
759
798
797
734
778
785
741
793
799
746
809
779
770
777
804
780
743
785
770
774
737
788
805
770
748
797
776
791
813
775
805
876
812
782
756
793
794
717
769
808
792
776
706
734
755
769
730
759
767
736
804
711
735
731
764
803
775
748
757
714
707
712
752
752
751
742
742
712
723
723
757
772
705
750
741
720
722
794
729
748
747
769
766
773
810
769
739
837
704
788
684
786
713
724
716
712
749
732
698
693
681
716
708
722
697
720
742
738
763
732
745
752
747
737
757
748
803
719
788
731
738
804
730
754
763
713
773
707
767
757
747
797
780
762
772
748
757
788
772
760
794
750
781
752
761
767
783
743
774
754
818
782
797
792
801
818
833
796
785
797
825
795
813
782
796
773
825
821
793
742
805
844
783
766
806
810
803
801
804
786
761
851
755
795
837
764
787
778
737
759
780
805
835
771
770
777
771
752
767
732
762
739
794
788
747
778
782
769
767
772
712
775
741
763
793
757
734
699
757
765
777
779
715
765
830
795
807
764
751
776
833
776
802
780
772
764
782
843
827
774
817
822
844
746
734
838
826
827
798
792
792
810
786
813
764
753
732
774
777
707
746
692
772
743
773
790
766
680
777
734
717
782
668
765
811
759
753
778
739
782
747
763
786
803
787
771
731
712
765
837
757
757
786
775
826
819
751
815
717
789
749
794
726
746
764
714
802
738
722
779
726
730
742
737
787
727
721
754
720
761
707
728
720
781
711
758
724
712
720
753
793
723
717
768
809
794
817
804
760
795
727
792
748
792
779
735
775
754
748
714
744
730
743
704
788
792
722
777
734
781
750
740
725
730
761
754
793
818
764
774
765
825
754
797
804
758
860
825
786
790
806
904
802
844
792
827
846
861
894
865
836
765
795
805
855
837
818
818
824
781
782
840
822
840
795
835
812
807
825
820
739
802
814
753
783
777
749
743
730
737
787
763
792
750
695
701
704
694
742
675
813
760
735
772
693
702
733
741
688
707
728
719
699
787
702
733
767
779
735
736
786
722
704
730
724
732
701
753
739
743
758
713
706
755
769
717
718
768
797
753
709
702
790
741
734
732
758
807
730
776
790
767
733
707
731
714
717
753
748
772
741
760
760
701
745
728
700
763
650
713
716
747
716
756
765
772
756
719
734
805
781
774
745
793
812
757
743
725
782
739
780
765
789
730
767
762
726
679
711
757
709
694
695
736
706
769
714
755
726
761
758
785
787
798
684
820
776
730
782
710
726
709
789
715
771
763
775
801
748
751
717
754
730
712
730
728
691
729
749
743
766
734
759
765
763
729
817
767
761
727
719
733
722
756
719
785
765
727
766
758
738
749
741
766
740
699
760
693
735
757
780
777
688
745
775
712
782
719
753
734
761
743
777
748
834
748
742
735
762
774
754
775
734
749
823
771
767
770
755
833
741
734
738
806
783
752
802
724
740
809
762
737
781
751
732
726
731
785
751
786
783
763
756
731
732
764
685
782
740
725
719
738
757
696
749
736
783
710
786
772
752
740
812
773
788
699
786
707
720
751
691
787
722
784
787
757
800
729
822
787
737
803
709
760
740
759
803
757
754
726
815
779
817
771
802
756
710
737
809
801
789
733
826
761
838
861
862
812
775
812
800
779
842
839
816
833
809
810
772
753
833
750
808
824
794
818
773
821
789
761
775
770
829
824
845
785
833
799
743
770
755
793
789
782
821
817
777
800
798
810
847
757
783
754
816
751
802
787
785
784
772
767
774
763
812
807
781
795
750
766
740
775
795
807
719
795
814
755
783
763
772
817
810
814
808
835
770
800
843
872
816
865
805
783
787
804
742
775
787
739
776
745
745
781
727
784
748
757
745
767
753
781
755
761
800
764
798
758
751
769
737
801
761
772
741
760
775
765
842
851
737
760
822
812
822
813
864
798
776
828
789
769
770
795
778
744
879
799
747
782
767
809
786
835
732
792
773
733
767
770
777
698
771
773
801
759
758
793
766
736
803
702
738
754
716
784
764
795
794
801
776
702
725
746
779
768
788
732
742
811
711
806
748
733
776
772
790
744
784
866
764
807
778
806
797
802
808
767
829
784
757
788
774
736
774
746
750
774
715
733
740
707
787
735
804
743
803
728
736
699
744
745
768
692
712
741
768
753
748
784
768
737
804
826
764
780
782
768
749
765
795
785
771
768
771
855
763
851
773
879
848
769
824
771
809
792
767
810
784
765
823
801
817
767
784
791
830
720
757
743
745
802
740
717
706
748
766
748
691
756
764
779
743
779
772
733
717
713
739
752
727
721
739
735
737
723
800
744
771
739
720
732
722
756
771
685
713
715
750
718
696
745
686
702
742
710
704
714
701
748
705
704
730
729
742
671
737
758
719
780
750
740
702
798
757
816
722
759
762
721
722
741
737
739
735
756
724
776
741
754
788
755
765
706
718
694
705
761
730
737
761
735
713
762
724
709
689
707
743
758
714
693
715
673
709
694
658
729
766
678
679
692
695
679
732
717
740
708
677
705
732
656
747
671
693
646
764
685
765
680
730
771
718
714
761
695
697
739
710
700
756
688
752
718
729
731
750
748
796
786
828
828
774
847
801
836
835
824
852
830
824
846
859
893
898
897
898
914
864
934
833
881
951
850
848
881
851
816
795
814
825
884
770
887
833
796
837
794
792
833
771
777
777
705
732
762
729
771
730
754
737
697
782
736
769
684
727
726
709
717
754
709
645
711
716
703
710
685
721
716
671
714
723
722
676
747
706
746
635
719
763
649
718
700
698
711
724
729
766
767
715
765
724
759
682
683
689
728
703
661
724
678
656
731
661
689
721
713
748
676
749
679
726
705
688
774
664
666
639
699
747
706
673
672
694
682
764
723
727
757
746
758
767
756
754
730
694
801
770
731
733
747
726
773
709
704
699
775
748
716
741
744
765
738
694
716
725
754
729
743
729
739
745
707
752
690
712
719
749
737
729
779
728
794
764
794
769
718
793
698
762
793
808
749
767
753
734
756
782
801
720
783
788
754
797
788
758
768
760
802
760
751
761
740
713
743
804
781
707
783
773
798
762
769
834
742
804
830
805
797
788
842
817
850
841
755
759
829
819
813
774
804
803
763
858
787
798
815
760
794
791
778
785
798
856
771
821
761
813
800
821
871
826
886
821
835
807
827
843
778
804
806
792
782
840
826
813
859
845
785
777
754
788
779
773
783
737
782
741
784
773
805
777
849
783
784
831
825
814
855
890
798
840
842
813
849
728
836
792
823
784
858
812
860
893
804
843
814
815
811
834
868
822
836
954
821
882
807
858
830
855
783
766
753
826
822
744
794
761
850
813
789
748
855
812
839
780
809
797
805
873
878
843
784
815
822
800
822
788
830
852
819
781
860
839
817
836
872
864
809
816
891
807
846
853
825
788
836
864
805
828
821
809
825
864
826
849
814
876
837
822
803
828
795
789
754
770
770
789
858
764
820
833
811
766
829
772
790
763
769
779
743
848
792
747
711
771
776
807
743
773
803
750
756
842
747
763
709
747
765
801
734
762
790
775
729
800
729
746
789
709
767
676
759
706
767
774
721
729
721
772
741
729
765
715
802
785
800
704
744
769
722
760
684
809
775
737
748
726
769
733
794
775
718
714
739
766
721
730
773
793
691
762
729
700
781
754
794
793
729
822
810
790
761
737
796
798
740
810
793
843
757
834
835
771
784
817
832
865
826
785
795
795
785
818
837
740
792
778
821
752
798
816
806
738
670
838
802
722
770
738
803
729
682
723
742
766
698
752
723
753
738
739
762
655
704
693
681
721
747
690
715
713
742
728
706
759
725
736
755
740
695
712
762
718
717
660
773
680
694
725
724
718
747
748
720
776
812
718
776
747
797
710
725
707
712
715
726
746
685
741
749
745
714
707
715
718
692
695
702
672
745
655
705
740
712
705
684
703
648
749
743
758
765
712
765
714
736
738
769
729
713
717
700
729
745
755
766
765
762
801
823
788
806
762
808
843
836
786
836
798
796
823
843
797
822
874
805
830
874
796
835
815
856
842
852
838
836
842
827
810
828
828
793
795
766
845
810
800
776
858
776
743
809
753
760
760
753
747
786
785
738
704
763
804
783
770
718
696
781
703
727
720
740
804
766
773
715
736
735
734
728
684
741
781
796
748
761
769
726
760
715
797
784
828
739
799
776
759
808
758
774
742
786
750
758
776
800
761
714
768
676
712
806
798
751
759
840
814
810
819
813
771
876
836
791
836
785
842
833
825
859
831
815
810
831
867
876
848
847
780
822
806
861
748
797
780
821
796
780
845
784
831
854
808
788
819
817
799
779
828
786
804
784
779
817
801
754
861
828
927
845
857
810
840
941
818
824
866
837
870
843
845
847
839
810
856
904
790
829
848
831
903
764
865
809
795
854
838
796
832
823
874
828
832
786
837
842
867
874
775
817
841
830
806
845
889
879
856
792
827
817
840
820
856
833
869
827
839
813
842
859
818
815
835
813
817
808
852
886
870
825
879
900
951
933
870
922
923
939
937
952
939
918
939
899
958
973
937
910
976
929
926
963
979
891
952
948
926
936
967
881
912
908
944
914
912
890
893
886
796
854
822
878
844
819
786
786
785
775
722
799
703
719
833
747
759
706
761
685
741
690
715
732
677
734
709
712
729
718
705
710
704
721
775
701
746
790
733
714
710
759
734
738
721
694
686
742
666
696
676
693
733
728
694
772
675
715
657
753
673
676
733
679
709
719
723
770
729
709
732
724
811
699
710
731
739
719
793
784
705
772
651
718
740
761
737
763
769
770
718
767
796
721
820
725
804
823
790
843
796
811
777
852
773
802
816
812
838
816
795
868
832
817
839
873
901
822
855
852
769
780
799
852
803
784
758
763
772
721
816
812
767
800
800
783
781
792
769
759
793
706
801
802
748
773
792
804
801
758
732
762
757
776
789
746
817
766
815
774
800
759
807
716
770
756
725
820
825
753
773
823
811
805
804
831
782
825
790
841
810
784
822
857
826
908
812
816
868
862
828
770
894
830
801
829
839
818
841
826
843
855
858
829
843
899
816
828
802
798
821
836
762
833
793
822
836
800
827
804
796
820
789
775
728
806
768
832
740
754
740
807
807
806
804
741
829
791
806
742
754
791
789
782
815
725
796
804
746
864
789
811
828
786
844
819
821
823
839
851
753
825
853
800
787
816
751
855
818
744
759
764
883
826
811
783
740
811
756
750
809
754
803
775
804
841
787
789
807
800
810
883
795
845
786
799
817
807
837
770
817
820
831
826
851
766
764
852
788
831
806
804
809
809
790
804
808
806
860
811
834
802
851
839
852
903
792
902
862
893
817
891
861
786
831
802
829
846
833
888
849
886
846
821
857
880
911
858
829
868
874
920
841
873
859
841
861
833
811
817
815
867
883
784
832
794
798
774
798
830
858
763
837
790
800
754
805
773
766
779
795
760
753
769
749
786
743
749
716
681
787
806
738
756
757
743
725
724
773
736
788
740
782
671
746
756
761
754
725
734
755
702
698
726
697
749
704
689
733
707
701
699
705
730
719
697
739
765
761
773
745
774
733
816
753
823
775
743
801
797
799
796
760
773
829
822
792
816
793
767
756
766
742
788
735
790
767
745
791
798
808
760
698
755
754
793
714
747
790
712
758
774
822
770
773
807
814
746
781
732
725
763
815
799
746
748
742
789
748
723
807
734
815
768
844
780
734
715
788
793
739
718
775
739
733
746
747
770
715
765
760
746
817
773
767
797
748
703
777
764
787
795
747
782
849
808
782
832
869
765
794
820
767
811
754
822
794
847
825
850
858
844
809
844
851
856
879
844
800
838
841
821
890
808
808
835
820
853
760
868
809
801
795
836
816
841
806
799
745
786
738
770
846
759
843
796
786
825
774
808
812
801
773
760
766
804
784
784
741
742
768
736
823
801
762
812
754
789
829
749
749
737
815
778
741
843
772
767
703
777
770
765
795
676
728
833
759
727
816
792
784
742
733
727
784
806
755
816
765
797
734
718
771
794
747
807
777
740
730
744
759
759
727
791
827
753
749
808
757
782
743
763
816
784
830
783
779
790
772
750
776
757
740
683
732
741
724
756
760
749
759
732
814
774
748
840
747
786
746
826
782
724
827
871
751
767
804
800
783
798
769
773
794
834
798
792
739
768
816
768
746
770
732
740
802
809
769
727
762
700
706
727
722
760
745
700
715
719
714
748
754
710
677
726
756
783
761
768
764
695
689
678
653
720
723
726
709
698
695
738
768
740
783
703
720
727
714
765
714
720
752
734
836
776
762
744
748
755
776
801
791
743
773
734
831
790
837
814
736
727
780
780
820
772
755
740
772
772
767
761
713
734
743
759
720
728
772
755
781
754
765
737
660
724
690
751
775
760
707
776
743
705
764
747
732
755
715
804
761
751
733
742
716
812
809
734
804
691
747
727
676
722
671
732
717
727
716
727
721
728
705
816
757
771
746
749
764
705
741
701
708
693
682
729
713
759
711
755
739
730
716
750
728
729
759
753
731
748
748
681
743
798
670
757
725
770
792
742
744
698
725
736
733
729
732
749
727
732
704
678
734
739
710
731
742
714
746
659
714
727
729
769
737
773
723
747
722
686
697
736
727
754
732
730
793
769
721
733
704
745
703
745
705
717
740
700
743
787
704
739
712
712
779
707
734
760
743
730
716
708
710
706
732
729
684
759
698
722
716
727
756
786
787
726
739
786
748
732
765
801
761
737
730
746
768
738
762
668
706
689
750
745
707
744
640
692
706
675
709
704
745
768
700
740
751
744
722
753
721
715
739
761
691
762
752
727
720
670
751
762
762
701
746
743
697
664
702
709
747
737
760
753
731
698
780
751
657
725
739
702
694
708
718
755
784
705
729
754
762
714
738
710
770
777
727
740
749
745
718
763
696
751
733
721
756
724
757
756
695
680
712
732
755
741
741
722
803
755
701
735
741
756
756
725
751
758
751
754
773
779
732
736
718
777
692
727
793
769
708
741
742
757
734
695
726
791
732
740
723
685
748
763
714
802
764
729
781
757
673
747
741
762
749
720
744
794
744
725
750
747
711
720
705
789
684
689
691
669
701
720
749
701
720
734
691
732
739
767
796
764
779
766
744
699
763
777
758
744
814
720
725
762
805
830
778
786
744
794
771
825
805
825
802
773
803
843
769
784
772
770
782
754
765
743
752
803
749
741
768
758
784
762
727
757
715
729
729
740
701
745
775
729
746
682
739
678
728
742
679
684
746
718
686
674
730
720
706
708
765
758
727
722
731
718
725
729
728
716
737
771
717
787
782
760
790
780
749
777
735
808
756
763
762
765
764
682
753
810
738
818
737
790
834
776
772
757
781
766
775
781
800
758
815
790
753
738
805
805
759
785
790
803
791
726
770
840
754
798
732
741
718
741
744
753
732
709
810
774
758
749
748
781
786
795
773
725
778
782
784
745
732
754
745
761
745
727
692
727
721
760
735
697
738
743
736
731
712
758
716
746
749
725
783
740
705
731
762
740
765
737
731
705
727
735
806
773
726
735
778
741
718
717
763
772
784
761
752
766
732
761
727
707
759
707
782
736
710
715
790
811
726
764
753
791
757
805
785
742
769
749
756
729
744
738
758
748
773
769
777
700
721
755
799
763
765
782
746
778
725
739
761
738
788
732
795
786
748
772
758
693
782
789
783
794
847
776
722
771
768
812
807
737
812
773
685
821
736
805
778
745
731
770
832
783
744
722
697
742
716
692
789
726
783
738
724
734
671
716
774
743
807
757
728
742
755
757
748
710
748
758
761
756
799
766
802
744
794
798
784
758
743
741
800
812
763
747
780
740
765
766
794
760
743
800
801
791
847
763
821
872
814
814
799
800
823
882
906
923
896
840
841
850
906
872
879
936
888
939
885
855
883
889
907
886
897
867
888
913
860
857
830
850
806
845
817
813
807
796
831
804
790
790
767
841
690
744
732
719
731
688
717
692
713
726
648
682
688
716
733
684
669
693
683
662
676
669
680
650
696
697
690
699
735
654
706
683
678
665
682
691
687
663
738
678
680
714
704
679
729
698
726
730
710
674
684
656
658
724
694
721
705
717
707
736
758
720
686
684
707
687
732
769
719
753
729
744
679
770
684
696
731
688
746
747
697
734
719
757
775
785
694
691
754
766
769
741
755
703
787
801
738
718
740
725
759
727
737
787
741
769
739
729
739
743
706
736
740
700
720
707
749
718
713
743
730
707
698
754
728
731
708
740
712
724
736
729
746
736
775
768
736
761
767
722
742
786
784
752
802
777
797
771
765
780
772
834
738
766
773
787
786
783
749
741
760
789
762
793
714
743
704
763
757
732
804
722
764
803
733
757
733
731
715
754
723
751
733
790
729
776
770
782
719
787
738
718
760
723
703
719
719
707
735
706
732
712
694
770
712
782
752
773
767
699
751
734
694
817
765
747
720
720
756
767
700
778
792
764
782
763
772
766
784
793
804
731
747
771
791
763
777
798
812
785
756
838
838
793
823
794
775
805
802
814
835
786
794
769
766
815
773
811
827
759
749
758
729
794
689
775
797
777
806
674
771
784
811
773
825
791
746
780
808
729
818
748
722
789
794
760
775
737
772
783
754
728
771
727
780
790
781
838
807
777
753
822
770
735
769
755
748
767
722
803
730
760
752
772
788
769
740
790
781
725
713
741
708
757
727
682
708
724
681
697
713
720
671
704
708
739
722
722
703
718
724
676
707
668
723
652
748
701
759
710
705
767
717
743
698
737
730
728
734
754
731
729
739
691
722
685
727
697
722
734
755
716
713
723
716
693
745
774
698
693
722
715
782
747
747
762
700
735
732
679
732
707
725
694
723
705
745
709
747
704
701
689
755
692
726
702
733
686
673
787
756
773
767
677
759
675
686
761
688
729
703
698
783
761
700
698
695
725
736
684
682
705
737
695
741
694
731
713
675
710
705
749
672
730
689
725
712
638
697
751
660
712
729
710
767
675
739
739
658
700
755
762
722
729
765
806
712
752
748
724
776
763
737
717
694
746
751
744
759
789
833
733
795
782
748
799
771
852
844
745
732
787
798
837
818
800
814
855
894
847
893
927
874
918
846
950
873
954
943
963
972
1007
962
983
1005
1039
1004
1028
1051
993
1057
997
1046
1034
1063
1058
1045
1090
1091
1068
1065
1057
1053
1155
1092
1104
1059
1099
1153
1116
1097
1137
1123
1138
1087
1092
1111
1097
1166
1064
1015
1063
1083
996
1153
1045
1052
977
963
1037
983
965
934
1033
960
858
927
923
872
931
893
886
855
874
846
840
841
860
824
833
888
779
801
812
788
750
776
818
780
762
790
780
732
736
751
750
724
766
737
719
744
782
713
735
759
708
712
724
697
733
753
741
740
745
701
722
709
741
742
769
705
802
730
711
690
717
747
745
744
784
729
743
789
754
706
754
738
712
699
701
750
739
719
720
733
667
671
715
674
702
700
759
678
659
673
704
656
636
763
679
707
679
684
659
730
683
715
670
713
681
675
705
722
651
697
754
686
685
632
647
647
678
690
673
633
723
717
688
711
737
645
761
695
724
715
769
701
721
754
716
734
721
703
782
708
711
710
790
713
662
727
682
741
729
686
694
726
698
731
746
735
750
700
696
759
739
722
740
786
728
778
737
759
787
689
812
750
748
764
811
819
816
807
816
782
797
808
783
821
821
776
806
778
826
820
853
769
840
825
850
828
848
828
798
816
831
809
753
817
810
793
793
812
869
815
796
846
788
863
882
837
858
761
813
815
826
768
847
844
850
867
849
821
903
820
832
853
895
855
911
828
894
900
876
813
878
868
824
811
870
863
844
857
840
806
839
821
805
855
805
843
808
781
865
813
795
802
795
792
825
829
842
842
843
860
833
882
854
845
907
819
927
873
838
831
949
870
888
845
898
862
886
861
870
811
869
918
881
872
819
883
835
888
818
893
830
808
843
853
846
855
866
830
859
829
813
868
911
909
834
811
859
876
824
809
866
819
816
898
910
807
921
814
857
878
835
853
829
859
785
819
836
822
897
855
843
832
914
847
867
830
867
827
875
860
892
908
808
775
853
825
807
815
817
817
873
862
865
880
877
817
809
793
821
826
872
865
806
820
831
812
898
873
851
836
859
866
880
864
827
846
862
790
901
863
857
844
865
850
816
814
841
917
882
879
896
898
862
832
966
879
842
911
860
894
948
870
945
952
988
964
983
974
1000
1025
964
1027
990
1008
1036
977
1013
971
972
958
1023
972
1001
990
1009
968
999
1000
957
975
966
972
963
927
903
911
931
1008
898
978
923
989
920
933
974
901
921
959
907
924
898
989
934
916
948
948
967
944
942
1038
938
1033
996
984
982
988
990
964
997
996
930
961
956
967
967
905
915
854
898
875
899
873
880
876
873
882
848
854
811
844
867
767
822
831
798
754
851
859
876
794
844
803
819
868
853
839
846
855
937
964
919
953
950
964
894
994
997
948
996
987
973
931
935
881
947
865
901
905
831
802
827
801
779
764
805
810
810
788
779
762
782
766
749
796
811
787
754
789
709
710
717
708
748
795
726
716
690
715
754
752
734
732
771
719
695
704
765
734
778
700
764
751
668
777
707
736
740
726
707
678
716
695
780
698
759
689
758
747
773
700
732
764
670
740
705
727
697
688
723
717
733
806
721
756
781
750
816
744
811
768
760
729
713
709
777
740
702
710
709
729
722
736
742
821
754
707
764
735
740
735
754
724
727
756
711
772
764
755
757
777
840
814
781
808
784
751
802
752
781
776
777
764
818
773
789
778
791
818
784
766
760
783
809
757
755
768
808
758
812
796
777
756
807
813
744
739
810
780
776
811
774
803
774
744
759
762
766
778
817
804
749
771
811
782
788
863
801
821
830
827
821
791
799
847
849
786
792
790
889
824
863
869
845
915
893
841
875
897
929
859
960
864
931
910
929
976
974
1007
964
1015
992
979
991
968
1023
1049
1020
1057
1001
1036
963
1028
1002
974
1029
981
1026
1012
1022
981
952
1006
988
984
991
1012
930
961
972
956
979
883
913
931
982
912
871
928
937
893
889
951
830
898
908
909
859
899
832
844
820
864
921
819
907
885
881
819
910
855
958
858
906
914
883
927
882
860
880
900
858
849
834
883
854
837
847
856
812
882
811
905
851
876
843
862
845
820
862
861
809
865
794
843
822
850
841
788
846
801
868
826
831
836
811
868
779
784
779
826
831
842
770
798
886
813
808
840
805
831
844
805
794
853
819
841
875
848
857
825
823
832
843
835
901
857
932
825
833
859
878
855
875
898
841
821
879
829
823
902
882
854
861
857
830
875
842
869
835
864
872
877
824
862
829
859
853
801
859
858
853
864
836
832
875
828
828
895
820
797
863
824
837
829
758
847
850
782
818
839
785
859
864
840
840
830
856
895
831
881
914
942
889
937
887
824
918
919
826
865
883
864
831
832
859
885
872
833
908
875
887
892
882
847
902
925
893
919
887
911
968
929
923
887
900
836
868
884
901
815
881
907
868
839
881
817
857
838
831
789
795
816
838
815
787
842
795
805
837
856
795
830
855
826
832
775
776
783
800
819
784
759
863
856
795
816
845
830
742
817
847
838
832
815
829
777
827
744
784
773
859
826
786
823
842
814
794
851
803
793
837
831
835
775
780
794
766
792
819
776
826
792
782
812
837
818
847
745
852
873
799
807
815
797
824
820
853
866
786
844
784
808
826
832
823
789
792
796
794
805
808
756
810
765
779
785
770
807
781
771
850
763
824
816
782
833
772
837
752
856
805
784
757
763
829
877
866
906
816
885
839
838
854
882
808
831
